Country,Region,Year,Overall Score,Property Rights,Government Integrity,Judicial Effectiveness,Tax Burden,Government Spending,Fiscal Health,Business Freedom,Labor Freedom,Monetary Freedom,Trade Freedom,Investment Freedom,Financial Freedom,Rule of Law,Government Size,Regulatory Efficiency,Open Markets
Singapore,Asia-Pacific,2024,83.5,94.2,88.3,58.3,90.7,89.2,76.0,86.9,77.3,76.3,95.0,90.0,80.0,80.26666666666667,85.3,80.16666666666667,88.33333333333333
Brunei Darussalam,Asia-Pacific,2024,65.9,68.8,59.8,52.3,95.8,73.7,20.0,76.5,75.2,68.9,84.8,65.0,50.0,60.29999999999999,63.166666666666664,73.53333333333333,66.60000000000001
Malaysia,Asia-Pacific,2024,65.7,65.7,48.2,65.6,83.9,81.4,42.8,70.5,58.2,79.1,83.0,60.0,50.0,59.833333333333336,69.36666666666667,69.26666666666667,64.33333333333333
Indonesia,Asia-Pacific,2024,63.5,39.2,38.6,44.5,81.7,90.2,66.8,73.1,59.5,78.4,79.6,50.0,60.0,40.76666666666667,79.56666666666666,70.33333333333333,63.199999999999996
Vietnam,Asia-Pacific,2024,62.8,49.6,38.7,35.4,80.4,87.9,94.6,73.9,54.6,69.3,79.8,40.0,50.0,41.23333333333334,87.63333333333333,65.93333333333334,56.6
The Philippines,Asia-Pacific,2024,59.0,46.1,33.8,42.2,78.2,79.2,40.5,69.7,57.8,65.8,74.4,60.0,60.0,40.7,65.96666666666667,64.43333333333334,64.8
Thailand,Asia-Pacific,2024,59.0,45.0,38.1,35.2,81.1,80.3,46.8,70.3,56.3,66.7,72.8,55.0,60.0,39.43333333333333,69.39999999999999,64.43333333333334,62.6
Cambodia,Asia-Pacific,2024,55.6,41.0,18.6,22.0,88.8,78.2,74.7,54.7,47.4,71.5,70.8,50.0,50.0,27.2,80.56666666666666,57.86666666666667,56.93333333333334
Laos,Asia-Pacific,2024,50.6,44.0,23.4,12.2,88.8,91.2,67.1,56.2,42.9,59.1,67.6,35.0,20.0,26.533333333333335,82.36666666666666,52.73333333333333,40.86666666666667
Timor-Leste,Asia-Pacific,2024,50.2,39.9,44.3,36.2,97.9,29.5,19.9,63.8,56.4,70.0,80.0,45.0,20.0,40.13333333333333,49.1,63.4,48.333333333333336
Burma,Asia-Pacific,2024,42.2,18.0,21.2,6.5,88.5,86.3,12.8,39.8,46.3,67.9,69.6,30.0,20.0,15.233333333333334,62.53333333333334,51.333333333333336,39.86666666666667
